1548171248 2
1548193788 15
1548195168 16
1548195685 17
1548196182 17
1548196660 17
1548294163 16
1548297685 22
1548297720 51
1548450695 59
1548451101 80
1548451659 76
1548452589 76
1548797460 79
1548797954 88
1548798339 90224
1548799292 90236
1549402113 90257
1550870642 90261
1551292101 466217
1551654222 466218
1551654434 76
1551655215 131
1551716449 135
1552420321 80
1552420711 116
1552422652 1867
1552423687 1887
1552423855 2058
1553018353 10064
1553024583 12830
1553024837 12830
1553028753 12852
1553037780 13012
1553560732 13141
1553622070 13053
1553624268 13090
1553624444 13669
1553629395 13791
1553667997 13825
1553903360 15182
1553917749 15192
1554529407 14238
1554612439 14494
1554652885 14507
1554668274 14606
1554835776 14789
1555021906 14886
1555021916 15066
1555023132 15195
1555076779 15393
1555076827 15437
1555080869 15431
1555080989 15426
1555082701 15621
1555095161 15995
1555095290 15995
1555130925 15996
